w_n = 4.9;
l = 1/(w_n^2 / 9.81);
g = 9.81;
a = 10.0362/10;
b = 0.0033;
m = 100/1000;

period = 1.2667;
T_u = period;
T_i = 0.83 * T_u;
K_u = 4500;
K_p = 0.45*K_u;
K_i = 0.54*K_u/T_u;