w_n = 4.9;
l = 1/(w_n^2 / 9.81);
g = 9.81;
a = 10.0362/10;
b = 0.0033;
m = 100/1000;